image_width: 640
image_height: 480
camera_name: cam0
camera_matrix:
  rows: 3
  cols: 3
  data: [593.5085775365967,0.0,337.68894664502193,0.0,590.9182774144776,221.74621505804927,0.0,0.0,1.0 ]
distortion_model: plumb_bob
distortion_coefficients:
  rows: 1
  cols: 5
  data:  [0.09714338620066534, -0.24708786392933546, -0.006245440616030707, 0.005266839531189674, 0.0]


# cam0:
#   T_cam_imu:
#   - [0.999634916190872, -0.007235518549348224, -0.026032318440535593, 0.022969448034510415]
#   - [0.007908283569986768, 0.9996349649858814, 0.025834005276985594, 0.0004419650958220271]
#   - [0.025835893308420538, -0.026030444656146005, 0.9993272349775915, -0.05779115539198252]
#   - [0.0, 0.0, 0.0, 1.0]
#   cam_overlaps: []
#   camera_model: pinhole
#   distortion_coeffs: [0.09714338620066534, -0.24708786392933546, -0.006245440616030707, 0.005266839531189674]
#   distortion_model: radtan
#   intrinsics: [593.5085775365967, 590.9182774144776, 337.68894664502193, 221.74621505804927]
#   resolution: [640, 480]
#   rostopic: /camera/color/image_raw
#   timeshift_cam_imu: 0.00675017447697337
